package day12;

public class Ex01_02 {
	/*

	1.
	 int[][] arr; 배열을 만들고
	 반복문을 이용해서 아래 처럼 숫자를 채워넣고
	 꺼내서 출력하세요.
	 

		1	2	3	4	5
		6	7	8	9	10
		11	12	13	14	15
		16	17	18	19	20
		21	22	23	24	25
		
		
		
		2.
		
		int[][] nums; 를 만들고
		1번에서 완성한 arr 배열에서 데이터를 꺼내서
		nums에 채워서 출력하세요.
		
		1	6	11	16	21
		2	7	12	17	22
		3	8	13	18	23
		4	9	14	19	24
		5	10	15	20	25
		
		
		3. 2 이상의 숫자중에서 소수를 10개 찾아서 배열에 담고 출력하세요.
	*/	
	public Ex01_02() {
		

	public static void main(String[] args) {
		new Ex01_02();
	}

}
